0.30 -0.20 0.072
0.30 -0.15 0.070
0.30 -0.10 0.067
0.30 -0.05 0.066
0.30 0.00 0.065
0.30 0.05 0.067
0.30 0.10 0.070
0.30 0.15 0.069
0.30 0.20 0.071
0.35 -0.20 0.077
0.35 -0.15 0.074
0.35 -0.10 0.073
0.35 -0.05 0.073
0.35 0.00 0.071
0.35 0.05 0.072
0.35 0.10 0.073
0.35 0.15 0.073
0.35 0.20 0.077
0.40 -0.20 0.083
0.40 -0.15 0.080
0.40 -0.10 0.076
0.40 -0.05 0.075
0.40 0.00 0.075
0.40 0.05 0.074
0.40 0.10 0.077
0.40 0.15 0.080
0.40 0.20 0.083
0.45 -0.20 0.091
0.45 -0.15 0.087
0.45 -0.10 0.085
0.45 -0.05 0.084
0.45 0.00 0.084
0.45 0.05 0.085
0.45 0.10 0.085
0.45 0.15 0.087
0.45 0.20 0.095