0.321 0.14 0.073
0.36 0.125 0.075
0.44 -0.194 0.089
0.301 0.176 0.071
0.32 0.181 0.071
0.401 -0.155 0.079
0.298 -0.112 0.072
0.356 0.115 0.074
0.359 -0.081 0.074
0.436 0.019 0.079
0.391 0.163 0.078
0.408 0.079 0.076
0.445 0.072 0.081
0.421 -0.179 0.085
0.371 -0.045 0.074
0.329 -0.126 0.076
0.331 -0.148 0.076
0.385 -0.079 0.075
0.299 -0.124 0.072
0.414 -0.07 0.075
0.38 0.103 0.072
0.406 -0.189 0.081
0.429 0.038 0.079
0.404 0.119 0.077
0.353 -0.017 0.073
0.382 0.074 0.074
0.326 -0.022 0.072
0.362 0.18 0.074
0.333 0.023 0.073
0.373 0.017 0.072
0.409 -0.001 0.076
0.351 -0.032 0.074
0.289 0.145 0.07
0.444 -0.093 0.082
0.366 0.008 0.073
0.316 -0.127 0.071
0.29 0.032 0.067
0.424 -0.158 0.083
0.441 0.06 0.082
0.357 -0.115 0.076
0.298 0.134 0.07
0.391 -0.186 0.079
0.415 0.047 0.076
0.317 -0.075 0.072
0.328 -0.005 0.073
0.37 -0.02 0.075
0.422 0.019 0.076
0.342 -0.03 0.073
0.315 0.145 0.07
0.389 -0.085 0.076
0.443 0.13 0.085
0.335 -0.013 0.073
0.303 0.116 0.071
0.422 -0.052 0.078
0.427 0.1 0.081
0.323 -0.193 0.076
0.355 0.01 0.073
0.412 -0.097 0.076
0.368 0.118 0.073
0.354 -0.059 0.075
0.339 0.126 0.072
0.383 -0.021 0.076
0.394 0.03 0.073
0.349 -0.174 0.078