0.30 -0.20 0.072
0.30 -0.15 0.070
0.30 -0.10 0.067
0.30 -0.05 0.066
0.30 0.00 0.065
0.30 0.05 0.067
0.30 0.10 0.070
0.30 0.15 0.069
0.30 0.20 0.071
0.35 -0.20 0.077
0.35 -0.15 0.074
0.35 -0.10 0.073
0.35 -0.05 0.073
0.35 0.00 0.071
0.35 0.05 0.072
0.35 0.10 0.073
0.35 0.15 0.073
0.35 0.20 0.077
0.40 -0.20 0.083
0.40 -0.15 0.080
0.40 -0.10 0.076
0.40 -0.05 0.075
0.40 0.00 0.075
0.40 0.05 0.074
0.40 0.10 0.077
0.40 0.15 0.080
0.40 0.20 0.083
0.45 -0.20 0.091
0.45 -0.15 0.087
0.45 -0.10 0.085
0.45 -0.05 0.084
0.45 0.00 0.084
0.45 0.05 0.085
0.45 0.10 0.085
0.45 0.15 0.087
0.45 0.20 0.095
0.321 0.14 0.073
0.36 0.125 0.075
0.301 0.176 0.071
0.32 0.181 0.071
0.401 -0.155 0.079
0.356 0.115 0.074
0.359 -0.081 0.074
0.436 0.019 0.079
0.408 0.079 0.076
0.445 0.072 0.081
0.421 -0.179 0.085
0.371 -0.045 0.074
0.329 -0.126 0.076
0.331 -0.148 0.076
0.385 -0.079 0.075
0.299 -0.124 0.072
0.414 -0.07 0.075
0.38 0.103 0.072
0.406 -0.189 0.081
0.429 0.038 0.079
0.404 0.119 0.077
0.353 -0.017 0.073
0.382 0.074 0.074
0.326 -0.022 0.072
0.362 0.18 0.074
0.333 0.023 0.073
0.373 0.017 0.072
0.409 -0.001 0.076
0.351 -0.032 0.074
0.289 0.145 0.07
0.328 -0.005 0.073
0.422 0.019 0.076
0.355 0.01 0.073
0.389 -0.085 0.076